names
fernanda_martinsoliveira
sar_gladson
ppgccpg
catei_ufpr
actiodocencia
bateriamaleficoz
dnation___
gamestick.cwb
labbmove
laneube.ufscar
ea.ufpr
nanoufop
nao_posso_ter_o_nome_que_quero
onumulheresbr
anagovbr
unescocourier
wegsolar
dose.cientifica
sbqt2021
bibliotecas.ifrn
csbl1
doajplus
dr.sincero_oficial
pesquisadordadepressao
cientistasdenegocios
fgvin.oficial
inglesflashcards
scielobooks
faculdadeeinsteinoficial
comcienciausp
biotech.business
estatisticadescomplicada
dr.josemarcosjs
elsevierpesquisa
greennow.br
concursosnobrasiloficial
minaseenergia
cursoenemgratuito
digitalgov.br
unifespoficial
redacaonline
pesquisasusp
proreitoriadegraduacaousp
anvisaoficial
mpf_oficial
inep_oficial
netcufscar
programaleitemais1
micoleaobolado
tecnologia.ufpr
pipeufpr
ufpr.integra
mineducacao
cnpem
anaandradegonsalves
ceepcuritibaoficial
sistemafiep.portao
sistemafiep
sesisenaiboqueirao
senaisaocarlos601
bailedosbixosrp
copatigre2023
unioestepr
cursinhoufscar
prevec.cup
cursinhosolufpr
instadoea
ifcampinas
ifspsaocarlos
ifprcuritiba
bibliotecacuritiba_ifpr
ifsp_oficial
institutobrf
embrapaaivoueu
embrapa.agroenergia
embrapamandiocaefruticultura
embrapaagroindustriatropical
embrapa_pesca_e_aquicultura
embraparecursosgeneticos
embrapamilhoesorgo
nucleoembrapacerrados
embrapasuinoseaves
embrapagadodeleite
embrapaarrozefeijao
embrapasoja
lactec
institutosenaisc
isiamazonas
pimembrapii
embrapii_ufscar
embrapii
embrapa
labnanomateriais
nanobiosciences
lmnb_cdtn
ppgq_ufrgs
capaufpr
sbpmat_bmrs
utdchemsa
acschapterusp
finepinova
agenciafapesp
pesquisa_fapesp
_fapesp_sp
cienciausp
ufpa_oficial
biblioteca.senado
portalg1
bbcbrasil
cnnbrasil
senadofederal
lattes.curriculo
fundacaoaraucaria
capes_oficial
discovery
avalancheutfpr
atletica_avalanche_
atleticaufscar
aaa.ufscarsorocaba
cadgei
engufrjmacae
ufrj.oficial
plataformadequimica
universidadedaquimica
petquimicaufscar
aaaeapucpr
pucproficial
puc_sp
_caaso
cultura_ufscar
demaufscaroficial
caquipb
unicamp.oficial
unespfm
caqui.ufpr
caqui_ufscar
ufscaroficial
ppgq.ufpr
ppgq_ufpi
unoparoficial
ppgq_utfpr
universidadeufsc
internacionalutfpr
utfprpb
spottedutfprtoledo
utfpr_
utfprcampuscornelio
cnpq_oficial
ufprlitoral
ncufpr
utfpr.curitiba
vestibaufpr
ufpr_oficial
usp.oficial
atleticacaaso
elson.esn
natgeo
